12
0.0 92.8 4.1 86.8 61.7 4.4 5.7 91.4 87.9 96.2 31.0 42.8 
91.6 0.0 86.2 5.5 5.0 48.4 17.2 81.5 16.4 54.6 78.3 47.3 
8.1 86.0 0.0 47.5 71.3 75.5 67.2 29.3 36.7 80.2 66.6 52.1 
83.5 5.0 50.5 0.0 2.3 46.3 60.2 22.8 32.1 36.9 9.4 25.5 
61.5 9.6 70.1 5.6 0.0 6.0 7.4 37.0 91.9 97.1 95.7 22.2 
2.9 43.5 79.2 42.6 4.7 0.0 48.3 44.6 5.2 13.3 64.7 3.4 
9.5 16.2 70.8 65.1 9.4 52.5 0.0 71.2 94.1 27.3 35.6 8.0 
86.8 77.4 29.5 23.9 34.6 48.6 75.4 0.0 50.2 79.9 39.4 89.3 
90.9 16.9 32.7 34.3 91.6 7.9 94.2 55.2 0.0 34.2 76.5 92.1 
95.0 58.6 84.7 37.5 94.7 13.8 22.8 76.5 32.4 0.0 94.1 56.9 
31.6 79.5 70.5 9.4 97.2 60.7 40.0 39.4 72.8 91.2 0.0 75.9 
40.3 47.2 51.7 24.2 20.8 3.0 9.8 90.8 91.7 58.1 79.8 0.0 
