15
0.0 96.3 7.4 27.2 18.7 30.7 62.5 28.0 97.0 94.8 23.7 96.6 84.6 95.7 81.9 
99.3 0.0 19.2 41.4 98.6 95.6 6.8 84.4 34.5 44.8 44.4 77.6 57.0 99.1 24.0 
9.3 14.9 0.0 28.7 20.8 43.9 44.9 70.9 26.8 41.9 47.9 35.3 25.0 48.0 13.9 
24.8 42.2 33.0 0.0 15.5 81.9 3.8 55.0 58.2 13.2 87.1 5.5 9.3 35.1 71.5 
22.1 95.8 25.1 14.0 0.0 56.6 51.3 52.1 77.2 22.6 62.2 55.6 76.0 40.6 35.2 
30.1 93.2 43.3 84.6 53.5 0.0 86.7 93.1 32.6 43.8 66.6 52.9 1.6 70.0 71.8 
61.4 8.6 48.8 3.4 48.8 86.9 0.0 91.8 41.9 43.4 54.9 21.2 21.0 75.8 52.7 
25.5 85.1 73.9 58.8 55.7 90.8 89.6 0.0 7.5 28.0 39.8 15.0 8.9 67.6 27.7 
92.5 33.6 27.0 56.5 81.5 29.9 37.3 2.9 0.0 22.2 8.0 35.9 43.7 47.7 88.0 
94.9 42.3 37.0 13.2 17.9 41.5 40.1 29.1 19.7 0.0 71.8 99.1 33.4 80.2 51.5 
26.2 40.2 51.3 83.9 60.7 64.9 51.9 35.8 10.3 73.9 0.0 7.4 93.9 48.2 90.7 
95.9 73.5 39.4 1.6 59.4 56.4 21.2 12.8 40.0 94.7 3.7 0.0 2.5 47.9 18.0 
80.3 54.8 28.5 6.5 71.1 5.2 21.3 13.0 40.8 35.5 90.4 1.8 0.0 92.4 5.6 
95.5 102.3 46.2 34.5 36.8 72.1 80.6 70.1 43.0 75.8 45.5 43.3 94.1 0.0 83.0 
79.8 23.4 16.0 70.3 35.7 67.4 50.8 24.8 84.7 55.5 91.6 13.9 9.7 87.2 0.0 
