20
0.0 55.1 94.9 65.7 6.0 9.6 51.2 53.2 52.8 19.1 31.4 98.4 22.5 97.4 10.3 79.5 33.5 88.2 10.2 32.7 
51.5 0.0 41.5 22.7 2.7 18.9 80.1 76.0 52.9 56.1 18.3 53.4 29.4 71.5 36.6 9.4 10.4 44.3 99.6 96.0 
94.5 40.3 0.0 15.2 51.2 21.9 82.5 1.2 36.8 27.3 11.5 91.3 5.2 91.3 30.9 31.5 75.3 57.2 61.0 75.2 
69.4 21.6 11.3 0.0 72.4 20.3 70.3 26.4 33.8 50.2 46.1 83.5 57.9 31.7 97.3 65.2 32.9 62.3 1.7 80.1 
7.8 1.6 49.0 74.9 0.0 89.5 52.6 79.1 1.2 42.5 18.6 83.7 68.0 37.4 16.7 15.7 73.1 93.6 21.4 5.1 
5.9 23.8 25.4 25.1 92.2 0.0 48.5 84.2 47.8 39.9 81.7 60.7 74.9 28.4 86.5 89.1 99.1 4.0 74.5 3.5 
53.2 77.3 77.9 73.9 57.4 45.0 0.0 64.6 92.5 17.3 51.4 80.9 83.9 73.6 31.3 64.4 48.7 92.6 68.8 65.1 
58.1 79.8 3.2 26.4 74.8 87.5 62.6 0.0 68.4 70.5 9.9 14.7 16.4 71.3 45.7 85.7 74.9 32.2 72.0 18.5 
51.2 49.0 40.4 33.2 2.3 48.0 94.8 65.2 0.0 38.0 37.0 61.0 92.3 30.3 36.5 68.2 53.6 4.8 30.9 70.2 
22.1 56.6 30.7 53.2 44.1 41.0 16.2 73.9 40.0 0.0 40.5 22.6 26.3 33.9 2.5 30.9 70.5 42.9 89.9 84.7 
31.6 18.7 7.1 42.5 17.1 84.1 55.6 11.9 40.4 36.1 0.0 87.0 22.6 81.4 65.2 16.2 48.0 86.2 60.1 38.6 
98.6 55.6 90.8 79.9 82.7 59.3 81.8 19.7 63.7 19.2 84.6 0.0 51.1 55.9 12.7 59.1 35.8 11.2 53.4 27.7 
20.7 33.5 9.2 56.1 65.2 74.0 85.6 17.3 92.1 30.5 23.2 49.6 0.0 49.8 24.7 97.9 72.9 38.6 84.7 32.9 
95.6 70.5 90.5 34.1 39.1 28.9 74.1 67.0 34.6 35.7 78.4 56.2 50.8 0.0 52.9 6.7 90.8 41.4 8.5 11.1 
13.3 34.5 33.7 99.0 19.0 88.7 34.1 43.8 36.6 2.1 68.6 14.7 29.3 51.1 0.0 11.3 82.8 99.3 25.7 43.6 
83.4 9.0 32.2 62.8 11.3 91.9 66.3 89.7 66.9 30.4 19.2 56.5 94.9 9.4 9.6 0.0 59.9 34.5 68.6 93.0 
36.9 7.3 73.2 36.1 72.8 96.7 50.0 77.6 56.6 67.6 48.0 36.2 76.2 93.6 86.8 64.4 0.0 9.7 91.9 75.0 
87.4 40.0 54.4 63.9 92.6 1.8 90.3 28.7 1.6 45.3 88.5 9.4 39.6 37.1 103.9 32.1 8.5 0.0 58.2 98.0 
7.4 97.3 65.5 1.2 25.0 79.2 70.7 73.0 31.1 93.5 64.5 55.5 88.8 9.1 29.9 65.2 88.5 58.2 0.0 52.5 
32.8 96.9 72.3 78.4 8.0 1.2 67.7 19.6 68.8 84.1 43.2 29.6 32.6 7.4 47.0 95.7 70.9 100.1 56.3 0.0 
