25
0.0 27.8 86.8 1.2 55.6 37.7 2.1 79.9 81.3 67.5 84.9 17.4 81.9 11.9 78.5 71.9 73.7 72.7 63.1 77.7 83.6 45.6 80.7 85.5 71.4 
29.0 0.0 51.5 33.7 87.1 29.5 31.9 73.7 50.1 9.9 27.5 55.6 66.4 72.6 6.2 95.5 76.1 76.6 15.5 36.9 46.2 95.4 61.6 24.1 93.0 
87.8 51.4 0.0 1.5 67.7 29.8 35.9 58.7 67.4 49.8 2.1 28.6 19.3 31.7 97.8 62.0 98.0 95.2 64.3 90.3 23.6 12.6 72.6 96.9 90.7 
5.8 29.2 3.5 0.0 94.2 74.1 18.6 85.2 90.4 90.6 80.9 73.2 52.5 65.4 72.3 72.5 79.7 70.0 6.7 99.1 1.8 42.0 59.2 10.3 38.9 
60.0 91.9 65.9 96.2 0.0 45.8 57.2 45.9 66.3 28.5 73.9 86.1 20.5 94.0 31.9 32.3 66.6 85.9 15.0 48.4 3.6 82.3 28.8 40.7 94.4 
41.7 33.4 24.9 78.8 50.4 0.0 31.4 93.0 67.0 42.6 43.5 60.8 94.4 42.0 79.1 6.4 33.9 5.0 50.4 24.8 56.1 81.0 51.2 41.4 13.3 
6.8 29.1 34.1 16.1 61.0 27.0 0.0 78.3 88.3 6.8 89.1 40.6 10.8 10.7 95.2 91.8 70.1 5.2 31.1 9.3 21.6 47.0 25.1 45.4 15.1 
83.3 76.9 63.5 87.8 44.7 97.1 82.6 0.0 11.6 3.1 94.5 84.2 66.3 67.5 75.8 6.3 28.9 40.8 62.1 77.3 84.6 74.9 99.8 88.4 25.9 
83.6 45.8 68.6 87.0 69.9 66.4 86.7 8.7 0.0 54.9 32.5 45.8 94.6 47.4 32.7 74.4 34.4 10.0 34.6 18.2 13.3 84.3 70.1 45.0 72.5 
66.9 12.7 47.3 86.1 29.6 43.3 8.6 1.8 56.9 0.0 33.7 60.6 89.4 60.1 57.0 48.6 58.6 32.1 78.6 55.7 67.5 67.6 20.9 70.0 45.5 
85.1 28.6 6.8 85.1 76.9 47.4 86.1 96.4 37.4 30.9 0.0 51.9 97.3 19.5 48.1 21.4 55.2 45.6 87.8 95.6 87.0 51.8 43.5 63.3 18.9 
18.2 52.2 30.7 77.1 84.8 62.5 42.6 89.0 50.4 56.6 51.2 0.0 73.7 76.1 98.4 63.3 57.3 11.6 97.8 75.2 27.8 73.9 14.6 37.7 37.7 
84.2 67.8 15.7 57.3 17.4 94.6 11.7 69.9 90.4 89.7 101.2 78.4 0.0 72.4 49.2 70.4 38.8 31.1 34.2 27.3 65.8 68.7 30.0 3.8 66.7 
8.5 69.8 33.6 60.5 92.1 43.6 7.0 71.2 48.6 62.1 15.8 76.3 77.3 0.0 97.7 20.9 36.4 78.7 16.2 59.1 68.3 66.8 10.1 65.4 99.9 
81.0 10.9 100.0 69.1 30.3 81.9 97.8 72.6 35.5 54.7 48.9 100.1 51.6 100.7 0.0 46.3 36.3 45.1 30.7 44.7 19.7 8.4 59.8 32.9 34.8 
76.8 95.0 65.2 69.4 36.6 7.0 92.3 2.2 77.3 51.9 22.4 60.4 68.1 16.7 43.2 0.0 21.8 90.1 62.5 24.1 12.8 64.6 98.3 38.1 4.6 
76.8 79.6 94.4 75.7 65.4 37.1 73.6 27.6 32.0 63.1 51.8 53.3 33.8 37.9 35.6 25.1 0.0 16.5 89.9 20.4 5.9 80.3 46.2 73.1 79.0 
74.9 80.8 99.7 71.5 84.9 2.6 9.4 36.1 11.3 36.2 48.4 14.0 32.1 81.4 47.3 94.3 15.8 0.0 42.4 67.2 37.2 19.1 74.0 36.1 27.7 
67.1 13.5 62.9 5.9 10.3 54.0 34.4 65.4 36.7 83.1 88.8 102.3 31.2 14.8 27.5 61.1 85.7 39.1 0.0 50.1 6.5 25.1 21.4 87.0 35.7 
79.0 38.9 95.1 98.2 48.7 28.7 8.3 76.3 16.6 54.1 95.3 74.6 30.9 62.8 49.5 20.8 22.0 69.0 50.7 0.0 13.6 1.5 67.1 25.2 95.1 
84.7 46.4 27.8 0.4 4.5 56.5 19.6 89.1 10.9 71.0 84.5 23.1 69.7 71.3 21.8 8.9 1.8 36.7 5.9 15.0 0.0 92.8 73.9 65.5 53.1 
46.5 92.6 15.0 43.8 82.6 78.1 44.6 76.3 89.0 72.5 49.0 72.7 70.7 70.5 3.9 68.8 75.5 14.5 21.6 0.6 96.8 0.0 84.8 42.9 17.6 
75.9 59.2 74.5 63.9 30.9 49.9 24.2 100.4 73.5 24.3 44.5 14.6 28.1 12.2 58.8 95.2 43.0 76.4 17.4 64.7 72.8 88.7 0.0 15.0 34.5 
89.0 25.4 100.8 7.3 45.4 36.9 47.6 86.3 42.7 69.9 60.4 40.0 3.0 63.7 35.9 41.1 68.3 40.7 83.1 29.6 67.0 42.7 18.7 0.0 23.0 
71.8 89.3 93.9 39.3 92.5 8.5 16.8 22.9 67.9 41.6 16.1 36.7 64.4 95.8 38.2 0.2 77.3 23.6 35.5 97.1 48.8 21.0 33.9 25.1 0.0 
