30
0.0 2.5 16.9 76.7 69.5 60.7 55.5 87.3 31.2 65.6 65.4 11.6 17.5 84.6 31.1 76.3 44.5 9.0 15.6 41.8 44.0 79.7 29.7 1.2 1.4 89.2 12.9 55.9 2.2 47.7 
5.0 0.0 94.7 65.4 1.0 18.5 62.9 90.2 6.9 57.8 70.2 89.8 37.1 94.0 29.4 50.5 18.8 43.8 55.0 84.5 80.9 55.7 27.9 14.7 29.2 65.4 50.6 53.0 97.6 81.1 
21.8 92.0 0.0 18.5 62.4 98.8 88.6 43.3 90.4 26.3 10.7 65.8 87.3 63.9 37.2 83.3 81.3 19.0 30.7 28.8 77.0 21.3 14.7 31.2 30.6 14.5 75.4 28.6 81.8 64.6 
81.1 69.1 19.0 0.0 87.3 34.8 55.2 62.0 26.2 58.8 3.8 39.4 76.2 23.2 81.5 42.4 1.6 98.5 48.7 23.7 16.0 73.7 89.4 32.9 94.8 95.0 95.2 51.7 87.6 91.8 
65.4 3.1 65.1 87.3 0.0 15.0 86.3 83.9 69.3 72.2 58.9 47.7 83.0 82.2 83.9 77.2 63.3 74.4 84.7 17.7 93.5 3.5 31.9 9.8 38.6 54.6 77.0 2.4 81.1 40.5 
60.5 22.3 100.6 38.0 14.3 0.0 26.0 31.2 64.6 47.0 5.0 7.3 61.4 3.6 39.8 60.5 10.6 61.7 45.8 7.6 43.3 44.5 51.5 30.7 45.9 34.3 42.3 22.2 54.0 43.6 
57.2 59.4 89.5 56.5 82.3 26.2 0.0 34.9 45.7 50.1 42.0 50.9 21.3 17.7 64.8 91.8 10.2 80.6 79.5 44.2 24.0 50.9 69.9 64.3 15.3 45.6 8.4 5.0 73.5 9.8 
88.6 94.8 41.2 59.3 82.2 33.5 35.6 0.0 98.5 28.2 32.5 43.3 93.4 77.0 14.9 10.1 44.9 3.3 13.0 60.0 53.0 21.1 70.1 37.7 16.1 9.3 92.8 56.5 44.6 16.7 
29.6 2.8 91.3 25.3 71.3 69.5 40.8 99.3 0.0 33.9 6.0 53.1 23.4 19.7 29.2 4.3 22.6 25.4 30.0 62.0 20.5 48.8 1.4 40.9 53.7 3.1 85.7 16.5 21.3 62.7 
70.0 62.4 24.8 55.7 68.8 51.4 52.7 27.1 37.1 0.0 40.0 8.9 17.9 97.7 26.0 5.8 18.3 61.3 29.8 52.9 79.9 13.9 96.8 57.2 5.4 44.4 32.6 39.7 82.9 68.0 
68.5 69.5 14.1 0.9 59.2 3.7 43.9 35.7 7.9 37.9 0.0 46.8 74.6 76.4 87.3 31.4 42.1 22.6 82.5 28.8 64.3 24.3 35.6 5.8 9.1 32.0 94.5 63.3 68.3 19.2 
9.6 93.0 70.6 43.6 48.3 6.9 55.1 45.1 56.4 6.5 43.4 0.0 90.7 1.7 15.2 36.1 55.1 93.3 9.6 59.0 2.2 5.0 29.7 28.0 43.2 27.1 54.6 78.6 99.7 54.7 
20.9 33.7 91.7 77.8 87.8 56.9 24.9 96.2 20.3 15.9 79.5 88.3 0.0 57.3 36.6 21.9 33.5 42.9 92.2 21.3 14.6 14.0 86.8 75.4 59.7 77.1 7.2 46.1 74.8 10.3 
79.9 98.0 68.7 18.9 87.0 4.2 21.1 77.7 18.2 97.7 78.3 1.2 54.6 0.0 8.8 8.9 58.2 81.4 74.5 9.0 8.7 37.2 23.6 27.4 35.5 79.2 9.6 78.6 7.3 22.6 
35.6 26.2 40.2 84.1 83.1 37.8 64.6 18.7 24.8 21.3 83.8 15.3 34.3 6.6 0.0 50.1 27.1 57.7 63.5 53.3 4.6 18.3 49.9 66.8 27.0 14.5 1.9 92.4 5.7 20.6 
74.5 48.5 84.4 42.9 80.7 56.1 87.6 10.1 8.3 1.0 29.2 35.6 21.0 9.2 47.8 0.0 10.0 97.0 35.0 58.1 15.2 16.5 94.4 71.5 71.4 21.3 52.9 84.7 48.7 95.9 
42.8 18.7 84.3 0.3 62.3 13.0 14.7 49.4 22.9 15.9 43.2 56.7 32.7 55.3 30.4 15.0 0.0 82.6 57.2 46.7 58.5 79.5 3.4 49.7 80.5 63.0 68.3 9.6 26.5 77.9 
4.1 47.3 20.2 96.5 70.4 58.0 78.5 1.3 28.5 64.9 23.5 89.7 44.9 84.0 60.8 93.8 81.7 0.0 28.2 76.4 43.2 48.6 39.2 33.8 43.1 12.1 35.7 63.1 66.6 93.3 
16.3 51.0 28.9 46.5 88.2 44.7 83.4 8.6 34.7 26.4 84.4 11.0 87.7 77.3 59.8 39.9 56.8 33.2 0.0 61.9 25.9 92.6 56.0 1.6 25.4 40.9 85.3 60.7 1.4 48.6 
42.7 83.7 30.1 28.3 18.6 11.0 48.0 56.3 62.8 51.8 30.5 60.2 19.0 10.1 55.7 55.7 45.9 71.4 65.3 0.0 80.3 29.9 78.5 76.3 94.2 15.6 52.0 26.5 58.8 18.5 
43.7 81.1 78.8 16.6 93.9 38.8 24.9 57.9 23.6 81.4 62.9 1.5 13.6 7.7 8.8 13.8 61.9 40.5 24.3 78.7 0.0 55.1 16.2 36.8 15.8 54.6 62.7 52.0 21.7 19.5 
75.3 56.1 23.7 78.3 0.2 47.2 49.0 25.7 50.7 11.9 28.9 4.6 10.3 34.9 13.7 19.4 83.4 46.0 93.2 26.8 59.3 0.0 9.9 28.2 83.4 96.1 27.8 45.2 53.2 19.0 
33.4 26.1 15.0 88.1 30.8 50.7 72.4 74.7 2.4 96.9 39.5 26.2 86.8 24.5 53.1 94.0 4.1 38.7 58.4 82.7 16.0 9.3 0.0 26.3 29.7 42.0 84.4 21.9 46.6 19.6 
0.8 11.3 30.6 30.6 14.5 29.3 59.6 40.7 40.2 55.9 9.0 23.8 78.1 30.6 64.0 67.7 48.2 35.9 1.4 71.9 37.8 29.7 25.5 0.0 7.0 94.5 42.1 43.7 21.3 59.4 
0.4 24.3 28.6 98.5 39.9 41.3 20.1 16.4 56.0 1.2 14.0 42.7 55.2 31.7 23.1 71.9 80.7 46.3 26.4 90.4 17.8 85.2 29.9 5.5 0.0 26.9 49.3 95.7 44.6 83.1 
85.4 64.4 19.1 90.6 50.8 32.6 48.3 13.6 1.1 42.7 30.1 22.3 78.9 80.8 15.0 25.0 68.0 13.5 38.7 11.0 49.9 100.3 39.1 91.2 23.8 0.0 79.6 42.6 57.2 39.0 
14.4 52.5 74.8 98.1 81.6 40.4 9.7 92.2 86.0 34.1 97.6 51.5 9.0 9.8 5.5 49.5 64.1 32.6 86.7 48.8 64.3 25.4 86.6 38.3 50.5 77.7 0.0 28.9 79.9 74.6 
55.8 56.5 28.7 48.6 6.3 26.9 5.3 60.4 20.4 39.8 66.5 80.3 45.4 81.7 90.6 83.7 7.3 59.7 55.8 21.9 49.7 50.0 17.8 40.6 97.4 39.4 28.5 0.0 73.0 52.7 
6.7 102.3 79.5 83.6 82.8 53.4 69.5 45.7 25.4 78.6 65.4 103.4 74.4 4.5 1.4 47.7 24.1 71.5 5.2 59.5 18.1 57.0 50.3 16.9 42.4 60.2 77.5 74.7 0.0 31.5 
49.1 84.4 63.3 95.8 43.5 41.4 12.2 20.3 66.4 67.8 22.4 55.3 13.5 27.4 18.8 96.0 80.7 94.2 46.5 16.2 15.7 20.0 17.9 57.2 83.7 38.0 72.1 55.1 26.7 0.0 
