50
0.0 94.7 25.8 30.0 35.0 4.9 76.3 63.1 7.5 76.0 78.0 57.5 71.7 96.2 95.2 98.2 81.2 30.6 21.6 98.1 79.1 59.3 21.6 72.1 31.5 3.1 40.3 34.3 99.7 5.0 94.7 28.5 16.3 37.0 36.6 59.6 46.2 99.4 3.4 40.8 18.8 68.2 49.9 19.2 98.0 68.1 78.2 3.0 77.1 29.2 
94.0 0.0 48.4 70.2 98.1 69.1 28.0 80.5 64.4 50.2 36.9 32.6 69.6 65.1 65.8 22.9 64.9 83.0 94.7 1.1 87.0 89.2 29.3 22.6 7.6 8.7 39.9 86.5 32.2 52.4 31.0 6.6 10.1 77.2 88.3 12.0 21.0 66.6 38.9 51.2 99.8 28.1 68.9 79.0 80.7 27.3 39.0 92.2 96.1 40.6 
24.5 45.0 0.0 37.4 50.2 12.6 91.7 97.4 62.5 17.6 71.5 9.4 78.5 24.9 69.7 90.5 92.3 36.2 78.8 23.2 47.8 28.6 98.3 66.6 28.0 91.3 82.9 36.3 12.7 76.8 60.8 51.6 72.5 19.9 27.5 72.8 39.1 52.2 66.5 48.9 13.5 75.9 3.6 73.4 59.6 3.4 36.6 93.9 49.6 34.9 
31.4 70.6 41.0 0.0 97.1 45.2 24.1 94.9 93.3 2.8 85.6 92.7 88.2 28.2 53.3 35.8 97.1 82.4 71.3 51.0 88.8 50.4 71.2 50.4 69.3 47.0 53.4 37.7 62.8 39.4 44.6 98.3 57.3 74.7 21.3 99.0 25.9 77.3 34.5 66.2 91.9 10.6 34.8 82.3 59.7 60.0 28.2 75.0 58.8 47.8 
36.2 95.2 49.3 93.4 0.0 80.0 55.6 78.1 84.5 29.1 95.2 79.8 77.2 69.4 81.4 5.2 33.6 76.2 41.5 69.7 49.1 64.5 67.5 32.9 95.6 39.2 34.3 54.9 88.8 5.3 28.5 18.6 3.6 28.9 27.9 5.8 91.4 92.7 1.4 12.6 14.1 34.0 57.9 8.1 16.0 99.9 30.7 6.1 78.2 31.5 
0.8 70.6 15.4 48.5 76.6 0.0 87.8 64.7 10.3 42.1 16.9 13.1 17.1 22.4 18.9 45.1 6.8 84.9 55.5 86.3 30.8 48.6 8.8 46.4 54.9 88.4 77.0 83.7 70.8 67.5 17.3 64.0 48.0 39.8 27.3 49.3 64.4 20.3 60.1 37.3 10.6 41.0 65.2 93.3 98.7 74.6 31.2 85.2 84.4 52.1 
75.7 29.5 88.3 24.2 53.8 83.8 0.0 32.5 93.0 98.2 78.3 19.0 7.2 24.2 60.0 42.4 11.4 45.4 12.3 81.6 77.3 78.3 49.1 56.6 6.8 99.5 60.9 90.5 94.5 54.5 52.1 6.5 26.5 3.7 59.5 78.7 54.5 77.9 51.9 59.0 17.7 59.5 60.9 83.4 51.5 39.7 51.9 82.9 41.6 90.0 
66.2 76.9 100.2 89.9 78.3 61.6 32.9 0.0 97.0 9.4 34.1 81.5 16.8 87.7 65.6 46.5 40.5 68.5 47.1 90.6 67.1 28.6 81.0 47.2 26.3 58.2 10.2 96.2 5.9 40.5 92.2 89.6 10.7 40.0 45.2 99.9 13.3 15.0 20.0 41.5 13.1 97.1 73.1 25.4 72.0 52.1 12.7 91.5 43.4 56.1 
7.9 67.9 62.4 89.8 89.3 6.2 92.1 98.3 0.0 43.4 27.4 90.4 42.4 45.7 56.1 31.4 33.0 57.5 16.3 29.1 18.9 35.2 64.8 78.6 52.3 57.1 6.0 5.8 19.1 47.6 82.4 76.7 51.5 37.7 56.0 3.9 5.3 62.8 72.4 30.1 34.5 34.2 19.3 92.9 89.5 70.3 80.1 57.1 72.8 40.2 
79.4 54.3 18.9 7.2 30.4 37.8 99.6 8.0 47.7 0.0 27.7 77.7 26.5 79.1 84.3 49.9 36.2 6.9 34.9 2.6 80.0 44.2 89.4 95.2 35.1 38.6 38.8 31.2 48.7 43.5 70.5 38.6 83.6 59.7 68.6 62.4 77.9 14.3 86.7 90.7 66.5 52.6 78.0 35.6 56.2 82.7 87.4 12.4 92.1 34.7 
80.8 34.9 67.3 87.9 100.2 15.5 73.5 33.4 30.4 25.5 0.0 14.9 66.8 32.3 72.5 83.0 81.7 61.2 46.6 23.8 37.1 85.6 54.4 4.7 33.6 26.0 13.0 98.2 35.7 85.6 64.2 52.9 28.0 94.8 25.6 61.7 48.9 18.1 13.6 93.5 79.3 1.9 63.1 55.8 13.3 79.8 84.6 35.8 84.2 94.5 
58.5 29.4 13.5 92.6 79.0 9.0 21.9 83.0 90.0 79.4 11.8 0.0 56.7 98.4 66.0 64.2 77.2 42.4 3.3 2.2 76.8 45.7 73.3 86.7 11.2 28.6 13.6 83.8 31.7 49.9 41.6 90.6 24.4 66.3 4.3 78.8 2.0 10.1 48.4 24.7 23.2 88.8 30.9 57.5 56.0 73.0 83.9 13.3 43.2 49.7 
71.7 64.8 82.6 85.2 72.7 21.5 6.9 15.3 45.5 23.8 69.8 52.5 0.0 4.9 15.7 32.0 40.5 74.6 39.8 43.8 74.4 85.4 92.0 49.0 9.8 8.4 14.3 18.0 11.1 62.3 33.2 39.3 32.1 75.4 62.0 50.4 90.1 59.3 20.9 76.6 8.8 5.5 16.9 2.0 65.7 31.4 62.3 28.9 74.5 78.9 
96.7 65.7 22.1 32.3 74.2 19.8 28.2 90.0 49.9 79.4 37.3 99.2 7.3 0.0 40.5 88.9 3.5 33.0 24.8 72.8 6.3 76.2 93.7 90.5 86.1 86.1 44.4 94.1 32.0 27.7 53.8 77.6 18.1 48.2 97.0 4.6 41.2 48.1 58.0 32.7 53.0 38.8 54.3 95.7 35.7 78.0 49.9 37.8 10.4 7.8 
96.2 65.9 66.6 54.5 78.5 17.9 62.8 70.4 54.9 82.4 69.3 70.6 18.1 42.8 0.0 44.6 81.0 3.7 35.7 8.9 37.4 85.9 50.0 27.5 37.8 87.4 19.1 56.4 75.2 98.4 8.9 27.3 19.0 83.1 74.8 79.1 70.0 10.9 27.5 86.6 59.6 91.1 79.7 9.8 46.0 85.0 99.5 66.5 58.1 87.7 
103.1 25.3 90.7 38.1 7.5 42.9 39.0 51.5 31.7 53.8 86.7 63.8 31.8 87.6 43.6 0.0 96.5 58.2 65.2 81.3 39.1 42.6 71.5 15.8 88.4 8.8 22.0 43.4 10.7 13.7 44.5 23.3 44.6 41.1 20.5 71.7 14.2 50.2 43.9 39.9 17.3 52.8 6.1 28.5 80.2 21.8 79.4 87.9 82.4 81.3 
82.4 66.7 88.7 101.0 33.1 7.1 15.8 40.6 35.8 35.7 76.7 80.5 44.5 4.5 80.3 99.0 0.0 32.7 62.8 27.3 41.2 11.8 17.5 40.0 32.7 78.3 99.1 16.5 5.3 42.2 16.3 99.7 90.5 56.0 96.5 71.4 87.2 73.4 1.5 48.7 7.6 6.1 3.6 36.4 96.7 73.5 95.7 33.0 80.9 99.5 
33.9 84.2 33.5 79.7 80.8 84.9 47.9 72.0 62.0 11.6 65.4 44.2 71.5 36.7 8.4 57.0 29.5 0.0 73.7 72.4 75.1 27.2 72.6 43.1 31.6 53.2 24.8 55.5 11.8 95.5 40.4 2.7 14.7 84.7 97.9 92.3 26.8 64.9 6.9 30.8 7.1 1.5 95.0 94.3 54.4 36.2 60.1 78.9 2.9 77.1 
17.8 99.2 76.0 70.2 42.9 59.3 16.0 44.6 11.4 37.5 49.2 4.9 41.8 24.6 37.7 60.7 61.6 74.2 0.0 18.6 53.5 46.0 11.6 25.6 90.1 11.3 36.4 49.9 41.7 13.0 77.9 44.6 10.4 7.7 22.9 40.5 89.8 98.9 42.8 9.5 42.4 31.3 92.1 96.2 55.3 7.3 95.6 67.3 75.3 18.6 
96.7 1.1 21.2 54.4 74.4 84.0 79.6 92.7 29.8 3.3 24.2 1.1 39.1 74.2 8.1 76.8 25.9 68.0 20.2 0.0 32.4 65.6 34.2 13.0 5.9 52.6 49.2 50.1 10.9 85.3 6.0 17.2 97.4 75.9 28.3 9.7 13.7 33.0 4.7 75.0 33.6 16.7 32.0 32.3 23.5 28.1 65.5 88.9 82.4 35.0 
79.4 82.2 52.3 92.4 44.4 29.7 76.7 64.2 20.6 82.9 34.1 74.2 78.3 5.4 39.1 37.1 37.1 73.9 49.0 30.3 0.0 46.7 73.4 80.7 83.3 82.2 73.8 60.2 92.0 53.3 59.3 43.1 31.5 65.2 67.0 98.0 97.2 61.5 13.1 97.1 77.5 35.1 13.0 54.9 84.3 27.2 50.2 45.3 69.8 4.8 
55.3 85.2 30.0 50.4 65.7 46.3 77.9 30.7 32.1 42.6 80.7 44.3 85.3 73.0 86.4 45.4 14.1 25.3 46.9 66.1 43.4 0.0 40.3 18.6 91.3 59.2 9.4 5.1 28.8 37.7 76.7 82.0 77.9 57.9 56.4 78.1 17.0 70.2 11.5 11.4 13.2 48.7 30.8 27.2 28.9 48.9 68.5 50.3 85.8 74.0 
22.5 33.9 96.9 68.8 70.1 9.2 46.9 82.9 65.4 93.2 50.2 76.9 90.7 95.7 49.7 71.9 17.2 75.5 11.0 30.7 68.7 44.6 0.0 75.1 81.9 11.7 5.1 44.0 35.6 82.0 77.8 30.3 62.7 28.8 98.1 58.2 4.3 41.6 11.0 90.6 35.6 49.5 4.6 82.1 71.8 27.2 50.6 83.6 12.7 69.1 
71.1 21.8 62.3 55.2 30.8 49.3 59.7 43.9 77.2 90.3 7.6 89.2 45.4 86.2 29.8 16.9 37.2 45.7 21.0 17.4 78.9 21.1 78.8 0.0 18.1 87.7 71.4 58.0 77.7 58.4 10.2 86.7 82.3 2.1 16.2 46.5 23.8 68.9 2.0 48.5 68.6 91.0 22.1 40.4 92.3 50.0 69.6 79.6 58.9 89.5 
31.7 9.9 25.3 71.7 94.0 59.8 8.7 25.3 57.1 30.1 33.4 10.5 4.9 88.4 35.5 90.0 35.4 28.8 88.1 8.7 84.9 88.9 83.0 13.3 0.0 31.1 69.3 7.1 92.7 19.3 97.9 1.2 87.5 47.3 46.3 46.9 14.5 70.3 81.5 90.9 27.5 90.0 45.6 25.0 69.0 90.7 7.2 24.2 5.0 41.8 
0.2 3.7 90.1 47.7 43.9 90.6 101.2 58.7 52.9 35.4 27.6 24.7 11.8 85.4 89.3 6.6 78.3 49.2 10.0 51.7 86.2 58.8 14.8 90.2 29.0 0.0 22.1 18.0 59.1 63.3 66.5 52.6 26.6 4.6 43.6 46.5 5.7 84.6 52.7 51.6 28.6 88.1 55.2 8.3 57.9 34.7 23.8 53.1 65.3 3.1 
43.8 40.1 83.7 50.2 37.2 81.8 64.6 13.2 9.2 42.2 12.2 14.6 12.3 40.5 19.3 21.3 103.7 21.3 41.2 49.7 72.3 13.0 8.2 69.6 71.8 24.3 0.0 20.1 85.6 53.8 23.5 30.2 11.3 75.4 76.7 81.9 1.1 9.8 42.5 60.8 16.4 77.7 82.2 30.8 54.3 68.8 49.1 43.1 88.6 25.1 
36.6 89.2 32.5 35.7 56.4 84.0 91.0 97.6 3.7 27.4 94.8 81.4 15.9 98.8 58.7 39.3 16.3 53.7 46.1 48.6 59.4 3.6 43.4 53.7 5.9 19.5 19.5 0.0 12.3 96.6 26.4 84.4 22.8 64.5 34.3 2.6 25.6 53.8 84.5 58.9 35.0 63.4 7.5 44.0 11.1 87.2 47.6 79.5 45.2 18.3 
102.2 34.2 11.0 67.1 89.0 72.3 99.2 10.4 18.3 50.4 37.5 32.0 9.2 33.5 71.3 10.5 1.8 7.8 45.2 13.4 88.7 27.6 33.4 80.4 90.0 56.8 86.0 15.1 0.0 60.8 9.6 68.1 53.6 38.1 31.2 60.5 53.5 56.9 69.2 4.6 13.3 10.9 6.4 26.3 83.6 92.5 55.0 40.9 99.8 20.8 
6.6 52.9 74.3 44.4 8.3 63.8 58.0 39.2 49.4 47.1 85.4 47.2 60.5 31.9 97.2 18.0 46.3 95.3 12.9 90.0 51.8 33.8 83.4 60.5 22.0 63.2 50.4 96.2 62.8 0.0 89.1 11.3 2.3 34.7 57.6 59.8 80.6 57.8 87.5 22.2 76.5 4.9 6.9 10.9 21.7 10.3 60.8 69.9 70.5 88.7 
90.4 33.3 58.3 43.2 26.3 16.4 55.0 91.4 85.6 70.0 62.3 38.2 34.5 57.4 10.4 41.9 20.5 35.8 74.2 4.9 62.1 75.0 75.1 7.0 102.8 65.7 23.2 30.7 8.9 90.5 0.0 52.8 3.6 30.3 79.8 94.5 32.0 98.6 48.4 42.0 3.8 45.3 34.6 90.7 91.5 96.3 49.8 68.5 85.9 37.0 
28.3 6.8 54.7 97.1 22.0 60.1 4.5 87.2 80.4 43.1 50.4 89.2 39.2 80.0 27.5 26.3 104.0 4.0 47.1 21.0 38.8 79.1 25.3 85.6 3.1 54.6 33.5 84.6 66.8 8.7 48.6 0.0 49.0 47.2 59.2 32.1 49.4 54.0 29.8 3.6 25.1 54.8 63.2 39.0 69.6 72.2 25.3 96.7 7.2 2.0 
20.4 6.1 76.7 57.7 1.6 44.9 25.5 11.4 48.5 85.3 24.9 19.8 36.9 14.9 20.3 41.7 94.9 12.6 7.6 96.0 28.1 76.8 58.8 79.2 87.5 27.2 15.8 27.1 53.0 1.0 1.6 49.7 0.0 44.0 70.3 36.7 42.5 39.1 78.5 5.1 41.1 90.1 16.3 19.1 18.8 7.5 91.6 91.5 57.9 24.1 
32.0 81.5 19.0 76.6 32.1 43.0 0.9 41.1 42.0 64.5 98.8 64.2 71.7 48.8 86.1 44.7 58.8 86.9 6.7 77.4 64.7 59.5 32.0 0.8 50.9 9.1 76.8 61.7 36.8 32.3 26.1 43.8 45.8 0.0 32.2 95.7 31.7 17.7 8.5 68.9 3.4 53.5 86.8 54.2 26.2 9.7 61.2 57.3 89.2 51.5 
39.5 86.4 30.7 18.5 26.8 29.4 56.4 43.0 53.5 67.8 27.5 0.1 60.5 101.1 73.9 19.5 94.5 97.0 18.4 30.0 66.1 54.5 101.5 14.3 41.5 48.0 75.2 33.8 26.7 56.2 77.4 63.5 72.1 28.6 0.0 19.4 55.2 10.9 60.0 96.6 83.8 11.5 68.4 24.6 92.6 66.9 89.7 77.1 20.0 12.2 
58.2 11.2 77.6 95.2 5.4 46.1 75.2 95.9 2.2 58.6 65.1 76.2 48.9 6.9 84.1 74.1 66.9 92.6 38.4 9.7 100.0 76.7 61.5 49.8 49.2 43.3 79.8 2.1 60.7 64.7 99.0 29.8 36.7 95.8 15.9 0.0 26.6 17.6 23.0 80.5 6.7 11.1 63.5 30.6 32.2 35.4 10.2 59.4 61.8 35.1 
43.1 23.0 34.5 29.6 86.7 64.3 49.8 8.9 3.8 81.9 51.3 6.5 94.0 41.2 70.4 16.6 91.2 28.4 91.7 10.0 93.6 21.4 0.7 26.9 14.4 3.4 1.8 28.9 50.2 80.4 29.4 49.2 37.8 31.3 59.9 27.9 0.0 70.0 93.4 56.1 28.0 12.2 89.1 36.7 97.0 31.6 58.7 1.9 13.2 71.0 
98.1 62.2 53.8 74.1 89.0 23.8 74.6 18.2 63.8 15.6 22.5 13.5 57.7 51.4 6.8 49.3 74.7 63.0 95.3 29.0 58.5 71.0 38.2 67.6 73.4 88.6 5.2 50.0 60.1 53.1 102.0 55.1 39.7 20.5 13.7 18.4 73.8 0.0 98.2 2.8 31.2 56.1 7.5 45.4 96.2 76.4 87.0 94.1 31.1 70.4 
7.2 36.2 61.5 31.7 1.8 61.8 52.5 21.4 74.7 84.5 10.9 50.8 18.1 55.4 30.3 48.1 3.1 3.4 44.1 5.4 14.3 10.4 7.3 4.8 84.3 55.8 42.2 81.9 65.5 92.2 44.7 30.4 76.1 7.3 57.1 26.3 89.8 102.1 0.0 64.3 72.0 3.1 48.1 56.8 80.7 50.7 84.3 94.4 53.7 82.4 
36.5 52.7 48.8 62.5 12.2 32.5 57.4 44.7 26.3 88.8 90.2 26.4 74.0 36.5 86.4 43.2 51.1 31.5 12.5 73.9 92.8 7.4 93.8 50.6 86.2 47.6 59.4 54.7 2.7 20.8 45.9 7.5 5.1 73.7 100.2 76.8 56.6 0.2 66.5 0.0 3.5 13.9 47.8 85.5 83.0 4.6 9.5 20.4 73.4 10.2 
23.0 102.5 14.2 93.2 18.7 6.9 17.9 8.5 37.8 68.2 78.3 22.8 11.7 57.2 62.5 13.0 2.8 9.8 43.1 30.1 78.3 16.1 30.6 66.2 32.2 28.7 13.6 37.3 16.1 79.4 7.8 29.1 37.8 1.5 81.2 3.0 30.9 28.4 76.6 1.0 0.0 77.3 88.8 25.9 28.3 57.6 89.6 85.0 7.3 16.8 
65.6 29.3 79.9 9.1 37.4 37.5 60.3 100.3 31.7 54.9 5.8 89.3 8.2 34.3 88.6 50.3 10.0 1.0 29.1 18.4 31.0 46.6 45.0 86.0 85.9 89.7 81.6 63.7 11.4 1.5 44.4 58.4 87.1 56.4 12.6 10.4 12.9 57.5 6.2 10.2 73.3 0.0 54.6 23.7 49.7 8.3 68.4 92.6 12.6 88.3 
52.0 73.5 0.8 31.0 58.9 65.1 61.9 70.7 23.7 79.1 58.8 26.0 18.0 56.4 80.5 5.9 7.0 92.3 88.8 27.5 12.2 29.1 9.6 27.0 41.9 56.4 79.8 2.6 2.0 5.3 37.1 63.9 11.7 84.1 69.2 59.8 91.5 5.4 50.1 45.5 90.8 58.1 0.0 7.2 79.9 87.8 20.8 82.7 81.6 80.0 
22.8 79.2 76.5 79.8 4.9 93.8 85.9 22.6 88.5 31.0 53.9 55.1 2.7 92.6 6.1 32.6 33.8 93.8 94.3 30.5 57.9 26.7 86.1 43.6 22.4 13.0 34.2 43.0 29.2 7.4 94.0 34.1 21.9 58.2 27.1 31.9 32.2 50.1 53.1 88.9 28.7 23.8 3.5 0.0 11.2 36.1 47.8 68.9 30.4 36.8 
93.3 78.6 62.2 55.2 11.3 102.5 51.1 72.5 92.1 56.1 12.4 51.5 61.7 31.7 41.9 79.4 94.6 51.3 58.9 21.5 83.9 31.7 69.8 88.1 73.2 62.7 51.5 6.8 85.5 18.8 91.1 65.5 14.4 21.9 90.1 34.5 98.6 99.1 76.3 84.5 32.5 49.5 84.1 8.0 0.0 29.0 5.5 90.0 34.8 22.2 
71.7 22.7 7.6 57.4 97.4 71.3 39.3 47.4 73.7 77.8 82.6 77.4 32.6 82.2 80.8 25.0 69.3 38.7 4.0 29.0 23.5 47.5 28.8 50.0 95.4 36.9 64.4 85.6 88.0 11.6 94.2 74.2 11.3 4.8 67.9 36.1 26.7 74.8 51.5 1.0 53.1 9.8 84.4 35.0 31.2 0.0 48.3 16.5 12.0 17.8 
73.6 37.4 32.6 26.4 29.3 34.1 47.4 13.0 79.0 84.7 88.6 82.6 64.7 46.6 97.8 82.3 94.9 61.2 98.2 64.6 54.6 66.0 46.6 68.3 3.4 24.7 46.1 44.9 52.4 58.6 47.6 25.9 92.9 65.2 89.6 12.1 57.3 86.3 86.0 5.6 87.3 72.0 22.8 44.6 10.0 43.5 0.0 19.8 51.8 70.7 
7.8 88.5 96.3 73.9 5.3 82.6 87.7 88.1 52.9 13.3 38.8 14.2 29.7 34.7 70.5 91.3 29.5 74.9 66.9 93.0 41.4 55.2 79.3 79.8 27.3 52.5 43.6 77.3 36.3 74.2 67.7 92.3 89.6 52.5 73.8 58.7 0.9 93.8 93.8 18.2 82.9 95.6 86.9 65.5 88.5 13.8 17.4 0.0 78.3 7.1 
75.3 98.7 53.2 59.1 74.9 81.6 36.9 43.9 76.5 91.9 79.5 44.1 76.6 7.9 57.9 86.2 84.3 5.8 70.6 86.6 66.8 88.3 15.6 59.5 0.9 60.9 92.8 40.4 98.4 66.1 84.0 4.6 58.2 90.6 18.6 62.4 17.0 33.3 53.9 71.1 10.1 16.2 84.2 27.4 32.1 8.9 54.1 79.9 0.0 99.9 
30.2 40.3 39.4 46.7 29.3 55.2 93.5 58.8 40.7 30.2 91.2 44.8 75.8 3.8 92.3 78.1 94.8 80.2 15.4 33.7 1.4 73.7 71.6 94.5 41.5 1.7 25.5 20.3 23.5 87.3 34.4 6.5 23.9 49.5 16.3 35.4 74.3 67.2 85.6 6.9 18.3 83.9 80.9 33.7 26.3 18.8 67.1 9.4 102.9 0.0 
